0
0
5
1
7
6
1
2
4
2
6
4
3
7
9
8
5
6
9
4
2
4
3
2
3
3
7
2
3
1
0
3
3
5
7
10
6
10
10
7
0
8
5
10
7
2
5
8
6
4
10
8
3
6
8
2
1
8
4
5
1
9
6
3
1
1
5
1
2
9
9
4
6
2
9
8
6
8
8
2
4
8
1
5
10
3
4
1
6
5
9
4
7
7
10
10
5
9
10
10
1
1
0
0
0
0
0
0
0
0
0
0
0
0
0
0
0
0
0
0
0
0
0
0
0
0
0
0
0
0
1
0
0
0
0
0
0
0
0
0
1
0
0
0
0
0
0
0
0
0
0
0
0
0
0
0
0
0
0
0
0
0
0
0
0
0
0
0
0
0
0
0
0
0
0
0
0
0
0
0
0
0
0
0
0
0
0
0
0
0
0
0
0
0
0
0
0
0
0
0
0
0
0
0
0
0
0
0
0
0
0
0
0
0
0
0
0
0
0
0
0
0
0
0
0
0
0
0
0
0
0
0
0
0
0
0
0
0
0
0
0
0
0
0
0
0
0
0
0
0
0
0
0
0
0
0
0
0
0
0
0
0
0
0
0
0
0
0
0
0
0
0
0
0
0
0
0
0
0
0
0
0
0
0
0
0
0
0
0
0
0
0
0
0
0
0
0
0
0
0
3
5
0
0
0
0
0
1
0
0
0
0
1
0
0
1
1
1
0
1
2
0
1
2
3
2
2
3
1
3
2
3
2
4
4
2
3
5
6
2
4
0
3
1
2
5
6
1
3
3
7
5
4
2
4
4
4
3
7
5
4
6
3
5
5
5
4
4
6
8
5
6
6
7
7
5
6
6
7
8
7
6
8
7
8
9
7
9
8
7
5
9
8
9
9
8
8
9
8
9
6
7
9
9
8
9
1
1
1
1
1
1
1
1
1
1
2
2
2
2
2
2
2
2
2
2
3
3
3
3
3
3
3
3
3
3
4
4
4
4
4
4
4
4
4
4
5
5
5
5
5
5
5
5
5
5
6
6
6
6
6
6
6
6
6
6
7
7
7
0
7
7
0
7
7
7
8
8
8
8
8
8
8
8
8
8
0
0
9
9
9
9
9
9
9
9
10
10
10
10
10
10
10
10
10
10
2
6
2
12
136
4
0
1
1
